ID	Stromal_score	Immune_score	ESTIMATE_score
TCGA-18-3406-01	480.42	1327.02	1807.44
TCGA-18-3407-01	196.27	291.63	487.9
TCGA-18-3408-01	-58.99	524.56	465.57
TCGA-18-3409-01	1351.68	736.86	2088.54
TCGA-18-3410-01	-356.13	1326.71	970.58
TCGA-18-3411-01	-120.61	682.31	561.7
TCGA-18-3412-01	-681.5	159.19	-522.31
TCGA-18-3414-01	-459.08	376.17	-82.91
TCGA-18-3415-01	60.99	806.03	867.02
TCGA-18-3416-01	-585.83	1631.99	1046.16
TCGA-18-3417-01	701.27	417.59	1118.86
TCGA-18-3419-01	-962.85	727.04	-235.81
TCGA-18-3421-01	-605.54	708.08	102.54
TCGA-18-4083-01	-56.98	69.94	12.95
TCGA-18-4086-01	118.36	587.74	706.1
TCGA-18-4721-01	468.99	1274.86	1743.85
TCGA-18-5592-01	-869.18	-239.84	-1109.02
TCGA-18-5595-01	-1201.89	-865.91	-2067.81
TCGA-21-1070-01	-108.23	1575.84	1467.61
TCGA-21-1071-01	-95.36	321.14	225.78
TCGA-21-1072-01	-625.76	-449.31	-1075.08
TCGA-21-1075-01	-1347.27	-1075.44	-2422.71
TCGA-21-1076-01	1137.14	2233.77	3370.91
TCGA-21-1077-01	-280.01	388.63	108.62
TCGA-21-1078-01	-1782.79	-749.42	-2532.21
TCGA-21-1079-01	277.55	74.77	352.32
TCGA-21-1080-01	-916.3	179.28	-737.03
TCGA-21-1081-01	-124.86	-478.57	-603.43
TCGA-21-1082-01	-39.85	734.31	694.46
TCGA-21-1083-01	-221.08	610.91	389.83
TCGA-21-5782-01	-39.49	126.87	87.38
TCGA-21-5783-01	-235.04	-590.44	-825.48
TCGA-21-5784-01	-101.32	1120.51	1019.19
TCGA-21-5786-01	-353.81	-117.97	-471.78
TCGA-21-5787-01	10.02	1544.64	1554.66
TCGA-21-A5DI-01	-906.37	-426.13	-1332.5
TCGA-22-0940-01	182.55	1647.35	1829.91
TCGA-22-0944-01	-1157.06	-480.48	-1637.54
TCGA-22-1000-01	1478.49	1908.01	3386.5
TCGA-22-1002-01	424.72	807.73	1232.44
TCGA-22-1005-01	727.59	2466.57	3194.16
TCGA-22-1011-01	49.59	1388.79	1438.38
TCGA-22-1012-01	-618.73	263.89	-354.84
TCGA-22-1016-01	702.58	1194.96	1897.54
TCGA-22-1017-01	-735	694.66	-40.33
TCGA-22-4591-01	-1172.99	-305.47	-1478.46
TCGA-22-4593-01	380.75	-342.52	38.24
TCGA-22-4594-01	416.76	1356.24	1773.01
TCGA-22-4595-01	342.27	836.38	1178.65
TCGA-22-4596-01	1217.57	2378.09	3595.66
TCGA-22-4599-01	0.75	1598.79	1599.54
TCGA-22-4601-01	-815.3	-227.57	-1042.87
TCGA-22-4604-01	998.61	1230.68	2229.29
TCGA-22-4605-01	514.48	847.86	1362.34
TCGA-22-4607-01	-109.53	450.67	341.13
TCGA-22-4609-01	651.12	1560.81	2211.93
TCGA-22-4613-01	-432.62	974.47	541.85
TCGA-22-5471-01	-383.48	1119.17	735.69
TCGA-22-5472-01	-364.56	583.24	218.69
TCGA-22-5473-01	-496.35	-103.42	-599.76
TCGA-22-5474-01	-16.77	1516.32	1499.55
TCGA-22-5477-01	-980.43	-226.87	-1207.3
TCGA-22-5478-01	31.01	171.5	202.51
TCGA-22-5479-01	-431.5	166.34	-265.16
TCGA-22-5480-01	-123.9	1286.04	1162.15
TCGA-22-5481-01	-723.86	731.58	7.72
TCGA-22-5482-01	-509.1	-404.88	-913.98
TCGA-22-5483-01	251.79	257.15	508.94
TCGA-22-5485-01	-738.08	-153.44	-891.52
TCGA-22-5489-01	1047.23	1659.65	2706.87
TCGA-22-5491-01	-1515.4	-165.84	-1681.25
TCGA-22-5492-01	-14.39	1356.21	1341.81
TCGA-22-A5C4-01	-1025.71	-270	-1295.71
TCGA-33-4532-01	-1566.59	-715.94	-2282.53
TCGA-33-4533-01	-82.67	-592.04	-674.71
TCGA-33-4538-01	-1021.14	-99.03	-1120.17
TCGA-33-4547-01	-109.98	342.96	232.97
TCGA-33-4566-01	-316.24	1248.54	932.29
TCGA-33-4582-01	-1355.39	-611.53	-1966.91
TCGA-33-4583-01	-1354.61	179.46	-1175.15
TCGA-33-4586-01	-768.14	-415.86	-1183.99
TCGA-33-4587-01	-939.1	-701.82	-1640.91
TCGA-33-4589-01	-397.19	1337.28	940.09
TCGA-33-6737-01	-89.91	499.82	409.91
TCGA-33-6738-01	-1344.11	-63.54	-1407.65
TCGA-33-A4WN-01	-1088.78	-166.63	-1255.41
TCGA-33-A5GW-01	-1727.64	-817.66	-2545.3
TCGA-33-AAS8-01	-1774.87	-652.86	-2427.73
TCGA-33-AASB-01	-2108.49	-900.19	-3008.68
TCGA-33-AASD-01	-929.6	-511.35	-1440.96
TCGA-33-AASI-01	-1142.29	544.69	-597.6
TCGA-33-AASJ-01	-1816.35	-637.23	-2453.58
TCGA-33-AASL-01	-1535.7	163.36	-1372.34
TCGA-34-2596-01	-340.19	365.99	25.8
TCGA-34-2600-01	-1519.82	-460.42	-1980.25
TCGA-34-2608-01	1110.66	1478.26	2588.93
TCGA-34-5231-01	-673.34	125.1	-548.24
TCGA-34-5232-01	-707.77	1645.28	937.51
TCGA-34-5234-01	1318.16	2107.92	3426.09
TCGA-34-5236-01	778.57	567.65	1346.23
TCGA-34-5239-01	1037.19	1290.56	2327.75
TCGA-34-5240-01	-49.51	26.54	-22.96
TCGA-34-5241-01	659.07	1325.64	1984.71
TCGA-34-5927-01	-961.66	-790.44	-1752.09
TCGA-34-5928-01	1052.44	505.4	1557.84
TCGA-34-5929-01	-535.88	105.62	-430.26
TCGA-34-7107-01	517.17	71.84	589.01
TCGA-34-8454-01	357.59	1478.61	1836.2
TCGA-34-8455-01	-178.23	-30.34	-208.57
TCGA-34-8456-01	-576.61	-73.06	-649.67
TCGA-34-A5IX-01	-1107.57	195.53	-912.04
TCGA-37-3783-01	144.89	1659.91	1804.8
TCGA-37-3789-01	-365.68	952.57	586.89
TCGA-37-3792-01	576.58	2540.27	3116.85
TCGA-37-4129-01	-1314.84	-1336.39	-2651.23
TCGA-37-4130-01	-199.83	2523.93	2324.1
TCGA-37-4132-01	-279.74	848.97	569.23
TCGA-37-4133-01	-537.65	592.12	54.47
TCGA-37-4135-01	-724.63	393.85	-330.77
TCGA-37-4141-01	-416.73	437.08	20.35
TCGA-37-5819-01	-667.93	-31.24	-699.17
TCGA-37-A5EL-01	-1766.44	-446.87	-2213.31
TCGA-37-A5EM-01	689.3	949.82	1639.11
TCGA-37-A5EN-01	-1041.61	-122.62	-1164.23
TCGA-39-5011-01	-149.24	1986.79	1837.54
TCGA-39-5016-01	-936.8	980.11	43.31
TCGA-39-5019-01	-74.73	492.87	418.14
TCGA-39-5021-01	-215.61	643.45	427.84
TCGA-39-5022-01	793.96	2160.62	2954.58
TCGA-39-5024-01	-1120.63	324.13	-796.5
TCGA-39-5027-01	-1904.52	-949.53	-2854.04
TCGA-39-5028-01	248.97	785.03	1034
TCGA-39-5029-01	-283.95	736.42	452.47
TCGA-39-5030-01	980.8	2258.76	3239.56
TCGA-39-5031-01	-10.68	635.53	624.85
TCGA-39-5034-01	360.76	319.33	680.1
TCGA-39-5035-01	-252.37	1314.96	1062.59
TCGA-39-5036-01	-1817.39	-140.12	-1957.51
TCGA-39-5037-01	-2209.56	-991.7	-3201.26
TCGA-39-5039-01	424.98	484.51	909.49
TCGA-39-5040-01	-864.34	-280.47	-1144.82
TCGA-43-2576-01	828.86	1458.09	2286.95
TCGA-43-2578-01	-586.14	97.29	-488.85
TCGA-43-2581-01	716.39	1730.12	2446.51
TCGA-43-3394-01	-628.47	-327.66	-956.12
TCGA-43-3920-01	579.81	749.64	1329.45
TCGA-43-5668-01	169.93	1698.37	1868.29
TCGA-43-5670-01	-1327.64	-856.23	-2183.87
TCGA-43-6143-01	-347.4	-488.4	-835.79
TCGA-43-6647-01	1335.43	1303.22	2638.65
TCGA-43-6770-01	-20.31	0.76	-19.55
TCGA-43-6771-01	109.02	545.55	654.58
TCGA-43-6773-01	1145.2	1947.08	3092.28
TCGA-43-7656-01	58.45	1281.76	1340.21
TCGA-43-7657-01	-260.02	-662.25	-922.26
TCGA-43-7658-01	-1384.07	487.19	-896.88
TCGA-43-8115-01	1308.23	1514.12	2822.35
TCGA-43-8116-01	-661.26	445.94	-215.32
TCGA-43-8118-01	-112.55	675.11	562.56
TCGA-43-A474-01	-736.63	-1100.6	-1837.24
TCGA-43-A475-01	-49.85	2055.85	2006.01
TCGA-43-A56U-01	247.62	2186	2433.62
TCGA-43-A56V-01	-863.01	-181.9	-1044.91
TCGA-46-3765-01	-257.17	471.53	214.36
TCGA-46-3766-01	1760.23	2064.49	3824.72
TCGA-46-3767-01	1478.16	1486.76	2964.92
TCGA-46-3768-01	-777.8	-102.51	-880.31
TCGA-46-3769-01	216.97	1195.48	1412.45
TCGA-46-6025-01	-733.42	-236.55	-969.97
TCGA-46-6026-01	-1573.05	-691.45	-2264.5
TCGA-51-4079-01	-309.01	379.82	70.81
TCGA-51-4080-01	-1235.57	-528.72	-1764.29
TCGA-51-4081-01	-198.56	-849.48	-1048.04
TCGA-51-6867-01	-439.33	90.09	-349.24
TCGA-52-7622-01	92.14	1285.55	1377.69
TCGA-52-7809-01	-890.8	-397.97	-1288.78
TCGA-52-7810-01	-844.19	-554.38	-1398.56
TCGA-52-7811-01	-72.15	522.69	450.53
TCGA-52-7812-01	-630.33	1180.65	550.33
TCGA-56-1622-01	-890.47	-762.91	-1653.37
TCGA-56-5897-01	1284.99	1489.38	2774.37
TCGA-56-5898-01	-70.65	431.28	360.63
TCGA-56-6545-01	1336.86	1341	2677.86
TCGA-56-6546-01	159.91	1428.92	1588.84
TCGA-56-7221-01	-1418.44	-643.44	-2061.88
TCGA-56-7222-01	-1343.81	-432.98	-1776.8
TCGA-56-7223-01	-1341.26	-1651.61	-2992.86
TCGA-56-7579-01	-492.69	-5.69	-498.38
TCGA-56-7580-01	-754.08	-137.84	-891.92
TCGA-56-7582-01	-331.24	219.87	-111.37
TCGA-56-7730-01	-1874.22	-1161.77	-3035.98
TCGA-56-7731-01	535.49	1123.57	1659.05
TCGA-56-7822-01	-558.24	188.45	-369.78
TCGA-56-7823-01	-1247.3	-401.86	-1649.15
TCGA-56-8082-01	-1159.79	-573.82	-1733.61
TCGA-56-8083-01	-897.71	-1336.82	-2234.53
TCGA-56-8201-01	1053.73	2188.86	3242.59
TCGA-56-8304-01	-1281.98	234.79	-1047.19
TCGA-56-8305-01	-448.26	-295.8	-744.06
TCGA-56-8307-01	-773.9	924.18	150.28
TCGA-56-8308-01	-207.84	227.15	19.31
TCGA-56-8309-01	633.81	2326	2959.82
TCGA-56-8503-01	1283.23	1432.3	2715.53
TCGA-56-8504-01	-207.06	483.67	276.61
TCGA-56-8622-01	108.86	263.79	372.64
TCGA-56-8623-01	1024.42	2536.5	3560.92
TCGA-56-8624-01	5.7	205.13	210.83
TCGA-56-8625-01	1259.44	2168.04	3427.48
TCGA-56-8626-01	-270.91	158.49	-112.42
TCGA-56-8628-01	571.12	1273.93	1845.04
TCGA-56-8629-01	-751.64	-108.78	-860.41
TCGA-56-A49D-01	-510.88	1039.8	528.91
TCGA-56-A4BW-01	-256.37	317.91	61.54
TCGA-56-A4BX-01	-1994.46	-1330.52	-3324.97
TCGA-56-A4BY-01	-796.31	-189.3	-985.61
TCGA-56-A4ZJ-01	1026.31	1345.46	2371.77
TCGA-56-A4ZK-01	-363.46	942.88	579.42
TCGA-56-A5DR-01	-369.43	122.63	-246.8
TCGA-56-A5DS-01	-527.82	637.73	109.91
TCGA-56-A62T-01	-311.02	107.24	-203.78
TCGA-58-8386-01	236.61	1044.2	1280.81
TCGA-58-8387-01	-775.17	1230.98	455.81
TCGA-58-8388-01	299.72	801.93	1101.66
TCGA-58-8390-01	137.87	165.1	302.97
TCGA-58-8391-01	-1210.65	-440.99	-1651.64
TCGA-58-8392-01	-1445.42	-641.94	-2087.36
TCGA-58-8393-01	53.32	1575.64	1628.95
TCGA-58-A46J-01	-537.52	478.92	-58.61
TCGA-58-A46K-01	-1023.17	-315.07	-1338.24
TCGA-58-A46L-01	-198.84	461.73	262.89
TCGA-58-A46M-01	-825.86	575.93	-249.93
TCGA-58-A46N-01	-1516.38	-772.52	-2288.9
TCGA-60-2695-01	-426.44	241.57	-184.87
TCGA-60-2696-01	-168.83	908.78	739.94
TCGA-60-2697-01	836.34	2363.69	3200.03
TCGA-60-2698-01	7.38	1371.51	1378.89
TCGA-60-2703-01	193.26	-381	-187.74
TCGA-60-2704-01	1488.39	1632.67	3121.06
TCGA-60-2706-01	-176.72	1069.23	892.51
TCGA-60-2707-01	438.27	670.43	1108.7
TCGA-60-2708-01	706.25	-109.8	596.45
TCGA-60-2709-01	1253.42	1888.32	3141.74
TCGA-60-2710-01	78.38	822.05	900.43
TCGA-60-2711-01	-1114	-27.09	-1141.09
TCGA-60-2712-01	824.67	2035.26	2859.93
TCGA-60-2713-01	893.83	1286.03	2179.87
TCGA-60-2714-01	-213.67	925.77	712.1
TCGA-60-2715-01	1342.42	1746.74	3089.16
TCGA-60-2716-01	-1564.57	-965.63	-2530.19
TCGA-60-2719-01	-869.29	152.46	-716.83
TCGA-60-2720-01	-198.19	1170.31	972.12
TCGA-60-2721-01	267.59	1246.18	1513.77
TCGA-60-2722-01	-1058.54	-453.14	-1511.68
TCGA-60-2723-01	82.39	984.8	1067.19
TCGA-60-2724-01	400.31	2.52	402.82
TCGA-60-2725-01	634.13	1778.52	2412.65
TCGA-60-2726-01	-963.92	392.9	-571.02
TCGA-63-5128-01	-650.99	-629.53	-1280.52
TCGA-63-5131-01	-898.9	-109.18	-1008.08
TCGA-63-6202-01	638.01	2004.29	2642.3
TCGA-63-7020-01	-466.99	768.51	301.51
TCGA-63-7021-01	91.6	860.3	951.9
TCGA-63-7022-01	1612.16	1857.44	3469.59
TCGA-63-7023-01	-826.42	-124.39	-950.81
TCGA-63-A5M9-01	-461.6	73.47	-388.13
TCGA-63-A5MB-01	-917.47	-190.6	-1108.07
TCGA-63-A5MG-01	-192.51	727.5	534.99
TCGA-63-A5MH-01	-891.57	-544.93	-1436.5
TCGA-63-A5MI-01	-1158.99	-800.39	-1959.38
TCGA-63-A5MJ-01	143.47	-12.35	131.12
TCGA-63-A5ML-01	-450.08	-20.76	-470.84
TCGA-63-A5MM-01	684.34	1556.31	2240.65
TCGA-63-A5MN-01	948.35	2281.54	3229.89
TCGA-63-A5MP-01	-409.49	1065.33	655.84
TCGA-63-A5MR-01	-1042.91	-7.48	-1050.39
TCGA-63-A5MS-01	487.42	1199.37	1686.79
TCGA-63-A5MT-01	91.39	825.41	916.8
TCGA-63-A5MU-01	-1710.39	-749.54	-2459.93
TCGA-63-A5MV-01	285.27	836.86	1122.12
TCGA-63-A5MW-01	174.36	-676.2	-501.84
TCGA-63-A5MY-01	-2047.35	-1162.74	-3210.1
TCGA-66-2727-01	-463.79	347.83	-115.96
TCGA-66-2734-01	332.51	1139.64	1472.15
TCGA-66-2737-01	1087.42	777.68	1865.1
TCGA-66-2742-01	-235.3	513.34	278.04
TCGA-66-2744-01	543.96	2123.36	2667.32
TCGA-66-2753-01	-122.58	295.73	173.15
TCGA-66-2754-01	-1298.01	-880.53	-2178.54
TCGA-66-2755-01	460.99	1984.26	2445.25
TCGA-66-2756-01	-722.41	-260.32	-982.73
TCGA-66-2757-01	-311.95	426.18	114.23
TCGA-66-2758-01	-411	1214.38	803.38
TCGA-66-2759-01	-138.27	788.32	650.05
TCGA-66-2763-01	-589.05	274.63	-314.41
TCGA-66-2765-01	-56.79	1071.81	1015.03
TCGA-66-2766-01	-630.45	-69.03	-699.48
TCGA-66-2767-01	489.17	2123.97	2613.14
TCGA-66-2768-01	-667.23	849.41	182.18
TCGA-66-2769-01	725.46	1543.33	2268.79
TCGA-66-2770-01	292.79	779.04	1071.83
TCGA-66-2771-01	87.09	1937.25	2024.34
TCGA-66-2773-01	-144.78	1097.84	953.06
TCGA-66-2777-01	-24.35	1055.07	1030.72
TCGA-66-2778-01	-710.07	961.02	250.95
TCGA-66-2780-01	157.45	548.61	706.06
TCGA-66-2781-01	-368.57	235.55	-133.01
TCGA-66-2782-01	257.12	1215.03	1472.16
TCGA-66-2783-01	-269.12	447.98	178.87
TCGA-66-2785-01	-9.41	1761.48	1752.07
TCGA-66-2786-01	-239.56	924.4	684.84
TCGA-66-2787-01	84.22	863.94	948.16
TCGA-66-2788-01	774.19	1084.91	1859.09
TCGA-66-2789-01	371.21	332.36	703.56
TCGA-66-2790-01	20.31	553.44	573.75
TCGA-66-2791-01	413.12	1485.14	1898.26
TCGA-66-2792-01	-296.68	-151.88	-448.56
TCGA-66-2793-01	-1673.39	-1200.28	-2873.67
TCGA-66-2794-01	-678.05	1468.99	790.94
TCGA-66-2795-01	480.65	838.06	1318.7
TCGA-66-2800-01	-15.82	882.69	866.87
TCGA-68-7755-01	-294.37	-610.12	-904.49
TCGA-68-7756-01	-230.82	117.41	-113.42
TCGA-68-7757-01	300.51	334.93	635.44
TCGA-68-8250-01	-388.59	612.42	223.83
TCGA-68-8251-01	466.58	668.93	1135.51
TCGA-68-A59I-01	292.3	781.78	1074.09
TCGA-68-A59J-01	-550.23	689.42	139.19
TCGA-6A-AB49-01	-2114.97	-581.12	-2696.09
TCGA-70-6722-01	595.7	919.39	1515.1
TCGA-70-6723-01	-1592	-927.62	-2519.62
TCGA-77-6842-01	185.32	1732.01	1917.33
TCGA-77-6843-01	-1361.11	-985.18	-2346.29
TCGA-77-6844-01	-946.02	67.21	-878.82
TCGA-77-6845-01	-1095.83	-1043.43	-2139.25
TCGA-77-7138-01	-1036.81	-123.48	-1160.3
TCGA-77-7139-01	-719.15	-186.02	-905.17
TCGA-77-7140-01	-508.55	-513.92	-1022.47
TCGA-77-7141-01	-937.73	-427.67	-1365.41
TCGA-77-7142-01	-361.23	28.09	-333.14
TCGA-77-7335-01	1757.3	2137.29	3894.59
TCGA-77-7337-01	572.18	388.75	960.93
TCGA-77-7338-01	362.65	360.18	722.84
TCGA-77-7463-01	-1059.84	3.75	-1056.1
TCGA-77-7465-01	-289.16	1279.72	990.55
TCGA-77-8007-01	656.29	1595.48	2251.77
TCGA-77-8008-01	1514.55	1233.87	2748.41
TCGA-77-8009-01	-559.73	-336.43	-896.16
TCGA-77-8128-01	-185.18	-1112.47	-1297.66
TCGA-77-8130-01	299.5	-105.27	194.23
TCGA-77-8131-01	831.53	2383.49	3215.02
TCGA-77-8133-01	-454.48	1251.92	797.43
TCGA-77-8136-01	657.03	1510.21	2167.24
TCGA-77-8138-01	214.7	790.55	1005.25
TCGA-77-8139-01	-108.36	61.41	-46.95
TCGA-77-8140-01	-1326.32	-516.46	-1842.79
TCGA-77-8143-01	-1462.18	-189.7	-1651.88
TCGA-77-8144-01	-1108.94	-48.41	-1157.35
TCGA-77-8145-01	525.03	-184.95	340.08
TCGA-77-8146-01	-430.68	198.97	-231.71
TCGA-77-8148-01	-214.04	-141.97	-356.01
TCGA-77-8150-01	-583.77	547.17	-36.61
TCGA-77-8153-01	-1304.56	-1045.84	-2350.4
TCGA-77-8154-01	-1054.21	-938.14	-1992.35
TCGA-77-8156-01	405.16	1495.19	1900.36
TCGA-77-A5FZ-01	1482.1	3087.39	4569.49
TCGA-77-A5G1-01	-159.91	875.55	715.65
TCGA-77-A5G3-01	-728.07	-246.64	-974.7
TCGA-77-A5G6-01	-1294.32	-547.64	-1841.96
TCGA-77-A5G7-01	-1590.81	-592.97	-2183.78
TCGA-77-A5G8-01	-508.37	186.26	-322.11
TCGA-77-A5GA-01	-1069.48	-194.29	-1263.77
TCGA-77-A5GB-01	193.94	870.02	1063.96
TCGA-77-A5GF-01	-503.14	-14.87	-518.01
TCGA-77-A5GH-01	461.22	1743.87	2205.09
TCGA-79-5596-01	-1054.01	-642.05	-1696.06
TCGA-85-6175-01	1713.28	1396.45	3109.73
TCGA-85-6560-01	501.66	810.7	1312.36
TCGA-85-6561-01	1311.09	1436.56	2747.64
TCGA-85-6798-01	-257.86	-755.71	-1013.57
TCGA-85-7696-01	-448.61	9.04	-439.56
TCGA-85-7697-01	-363.76	344.73	-19.04
TCGA-85-7698-01	335.72	533.76	869.49
TCGA-85-7699-01	411.88	1416.13	1828.01
TCGA-85-7710-01	-837.8	440.05	-397.75
TCGA-85-7843-01	99.46	314.79	414.25
TCGA-85-7844-01	370.99	315.9	686.89
TCGA-85-7950-01	535.88	913.51	1449.39
TCGA-85-8048-01	713.78	1838.92	2552.69
TCGA-85-8049-01	985.87	1729.98	2715.85
TCGA-85-8052-01	-636.86	-122.06	-758.92
TCGA-85-8070-01	-1912.11	-1076.64	-2988.75
TCGA-85-8071-01	-1188.35	-399.77	-1588.12
TCGA-85-8072-01	-739.94	350.33	-389.61
TCGA-85-8276-01	816.27	1164.1	1980.37
TCGA-85-8277-01	-839.79	80.91	-758.89
TCGA-85-8287-01	984.73	1400.82	2385.55
TCGA-85-8288-01	361.34	367.51	728.84
TCGA-85-8350-01	29.03	349.41	378.45
TCGA-85-8351-01	-663.36	5.72	-657.64
TCGA-85-8352-01	-1966.62	-1046.75	-3013.37
TCGA-85-8353-01	719.05	779.99	1499.04
TCGA-85-8354-01	-1494.57	-550.06	-2044.63
TCGA-85-8355-01	283.6	2293.27	2576.87
TCGA-85-8479-01	-1257.83	-714.66	-1972.49
TCGA-85-8481-01	350.33	637.94	988.27
TCGA-85-8580-01	-1345.1	101.51	-1243.59
TCGA-85-8582-01	951.44	545.72	1497.16
TCGA-85-8584-01	-305.83	1317.06	1011.23
TCGA-85-8664-01	-1921.34	-713.99	-2635.33
TCGA-85-8666-01	380.39	687.9	1068.29
TCGA-85-A4CL-01	-334.82	1042.6	707.78
TCGA-85-A4CN-01	155.04	4.09	159.13
TCGA-85-A4JB-01	-569.89	-252.82	-822.71
TCGA-85-A4JC-01	25.32	673.93	699.24
TCGA-85-A4PA-01	83.94	3198.31	3282.25
TCGA-85-A4QQ-01	-1301.7	-225.38	-1527.08
TCGA-85-A4QR-01	-2276.75	-1112.59	-3389.34
TCGA-85-A50M-01	-143.39	17.37	-126.03
TCGA-85-A50Z-01	-1015.42	603.41	-412.01
TCGA-85-A510-01	-549.95	580.28	30.33
TCGA-85-A511-01	532.15	662.69	1194.83
TCGA-85-A512-01	-648.19	-223.89	-872.08
TCGA-85-A513-01	691.85	2062.97	2754.82
TCGA-85-A53L-01	-868.59	-298.19	-1166.78
TCGA-85-A5B5-01	-763.35	-587.86	-1351.21
TCGA-90-6837-01	776.06	1274.74	2050.8
TCGA-90-7766-01	-977.52	936.22	-41.29
TCGA-90-7767-01	577.01	1022.12	1599.13
TCGA-90-7769-01	-1276.14	-711.97	-1988.1
TCGA-90-7964-01	-142.99	489.59	346.61
TCGA-90-A4ED-01	-99.08	8.39	-90.7
TCGA-90-A4EE-01	593.74	2286.43	2880.17
TCGA-90-A59Q-01	222.51	1940.05	2162.56
TCGA-92-7340-01	1095.41	879.36	1974.77
TCGA-92-7341-01	31.81	-81.77	-49.96
TCGA-92-8063-01	-221.54	92	-129.54
TCGA-92-8064-01	569.74	1735.21	2304.95
TCGA-92-8065-01	-198.42	1106.67	908.25
TCGA-94-7033-01	-1702.84	-225.49	-1928.33
TCGA-94-7557-01	-383.16	146.09	-237.07
TCGA-94-7943-01	-853.87	97.4	-756.48
TCGA-94-8035-01	-1330.46	-405.22	-1735.68
TCGA-94-8490-01	-1466.18	-809.69	-2275.87
TCGA-94-8491-01	-882.85	726.54	-156.31
TCGA-94-A4VJ-01	-452.92	201.94	-250.98
TCGA-94-A5I4-01	-1068.2	-354.5	-1422.69
TCGA-94-A5I6-01	-633.44	-420.76	-1054.2
TCGA-96-7544-01	848.11	802.32	1650.43
TCGA-96-7545-01	327.42	1071.58	1399
TCGA-96-8169-01	-137.82	581.98	444.16
TCGA-96-8170-01	-283.48	603.12	319.64
TCGA-96-A4JK-01	-517.26	261.98	-255.29
TCGA-96-A4JL-01	311.45	2021.36	2332.82
TCGA-98-7454-01	1544.15	2019.74	3563.9
TCGA-98-8020-01	312.64	715.08	1027.72
TCGA-98-8021-01	-126.69	-172.5	-299.19
TCGA-98-8022-01	-112.76	882.04	769.28
TCGA-98-8023-01	593.15	1338.81	1931.97
TCGA-98-A538-01	-428.95	196.19	-232.76
TCGA-98-A539-01	-396.71	237.9	-158.81
TCGA-98-A53A-01	-1287.46	-489.57	-1777.04
TCGA-98-A53B-01	-456.96	474.31	17.35
TCGA-98-A53C-01	1294.97	2350.47	3645.44
TCGA-98-A53D-01	1258.78	1722.76	2981.54
TCGA-98-A53H-01	1051.79	1719.85	2771.64
TCGA-98-A53I-01	-211.16	1089.69	878.53
TCGA-98-A53J-01	-1264.92	-392.24	-1657.16
TCGA-J1-A4AH-01	-1241.99	-572.61	-1814.6
TCGA-L3-A4E7-01	-512.11	544.17	32.06
TCGA-L3-A524-01	-698.1	-621.87	-1319.97
TCGA-LA-A446-01	-1352.6	-244.08	-1596.69
TCGA-LA-A7SW-01	-771.29	-224.3	-995.6
TCGA-MF-A522-01	-1554.33	-562.65	-2116.98
TCGA-NC-A5HD-01	-1405.83	-1055.5	-2461.32
TCGA-NC-A5HE-01	146.63	2396.54	2543.17
TCGA-NC-A5HF-01	-1536.82	-960.57	-2497.39
TCGA-NC-A5HG-01	-1624.35	-576.91	-2201.25
TCGA-NC-A5HH-01	-1285.66	-573.63	-1859.3
TCGA-NC-A5HI-01	-1578.69	-257.32	-1836.01
TCGA-NC-A5HJ-01	28.34	1794.12	1822.46
TCGA-NC-A5HK-01	-1431.45	-119.52	-1550.98
TCGA-NC-A5HL-01	-779.99	862.69	82.7
TCGA-NC-A5HM-01	-1440.34	107.02	-1333.32
TCGA-NC-A5HN-01	-1489.94	-631.25	-2121.19
TCGA-NC-A5HO-01	-1173.61	32.97	-1140.64
TCGA-NC-A5HP-01	19.96	-521.42	-501.46
TCGA-NC-A5HQ-01	-1061.8	592.34	-469.47
TCGA-NC-A5HR-01	-1416.58	-426.78	-1843.36
TCGA-NC-A5HT-01	-1211.32	-1296.87	-2508.2
TCGA-NK-A5CR-01	-1431.45	-845.58	-2277.03
TCGA-NK-A5CT-01	-1418.92	94.02	-1324.89
TCGA-NK-A5CX-01	-40.02	679.93	639.91
TCGA-NK-A5D1-01	-1410.6	-814.07	-2224.67
TCGA-NK-A7XE-01	-1626.26	-125.7	-1751.95
TCGA-O2-A52N-01	-631.48	389.52	-241.97
TCGA-O2-A52Q-01	90.71	1761.92	1852.63
TCGA-O2-A52S-01	-976.44	420.45	-555.99
TCGA-O2-A52V-01	-340.22	450.54	110.32
TCGA-O2-A52W-01	-1363.11	-169.73	-1532.85
TCGA-O2-A5IB-01	-1568.43	-1311.72	-2880.15
TCGA-XC-AA0X-01	-139.32	1098.81	959.49